23.110
23.021
23.779
23.939
23.851
23.588
24.386
23.712
24.561
25.515
24.699
24.082
23.231
24.097
23.655
23.813
24.099
24.531
24.572
23.610
25.057
24.140
24.686
24.749
23.742
22.640
22.720
23.526
23.434
23.576
23.514
22.420
21.308
21.159
21.346
21.059
21.172
21.029
21.186
20.307
20.228
20.335
19.795
19.832
19.937
20.205
20.107
19.960
20.674
20.463
20.722
21.338
20.653
19.914
20.043
20.479
19.698
19.524
19.728
19.755
19.528
19.413
19.577
19.603
19.512
19.207
18.943
18.666
18.633
18.696
18.731
18.827
18.228
18.221
17.954
17.829
18.007
17.820
18.153
18.117
17.870
17.262
17.181
17.409
17.347
17.524
17.986
17.859
17.148
17.160
17.437
17.521
17.342
17.755
18.711
19.856
19.422
19.849
20.397
20.684
20.843
20.353
20.180
20.106
20.308
19.606
19.101
19.390
18.738
17.604
17.325
16.155
17.190
18.224
17.025
17.225
17.198
16.747
17.456
17.925
17.226
17.869
18.198
18.510
18.398
18.774
18.827
18.713
18.517
18.694
17.946
17.768
18.222
18.266
18.190
18.122
17.641
16.460
16.770
16.907
16.990
16.608
16.507
16.029
15.150
15.324
15.596
16.118
15.955
15.554
14.949
13.859
13.077
14.829
15.293
15.894
16.010
15.250
13.863
13.488
14.637
15.378
14.665
14.447
14.708
13.878
13.924
14.236
14.937
14.813
14.071
13.473
13.445
13.486
13.937
14.279
14.052
13.672
13.255
13.037
12.861
13.065
14.071
13.894
13.428
13.533
12.404
11.838
13.204
13.694
14.197
13.757
13.807
13.167
12.808
13.799
14.654
12.739
12.347
12.203
11.364
11.190
12.522
11.860
12.127
12.082
11.463
10.828
10.597
11.413
11.463
11.325
12.183
12.902
12.983
11.775
12.685
11.923
11.590
11.825
11.409
10.743
10.829
11.440
11.630
11.492
10.517
10.563
10.377
10.218
10.742
10.655
10.913
11.150
11.088
10.883
10.796
11.872
12.345
12.738
12.720
12.735
11.560
12.111
13.647
11.840
12.416
12.131
12.063
11.844
11.290
13.062
12.578
14.059
13.721
13.423
12.281
11.852
13.060
13.218
12.460
12.876
13.478
11.988
11.145
12.603
12.811
13.348
13.425
13.388
12.104
10.836
12.471
11.843
11.243
11.728
17.255
13.080
11.658
16.116
14.497
13.469
15.091
13.035
10.205
8.720
11.837
11.800
13.251
13.400
13.997
11.796
11.570
14.751
15.394
13.878
12.407
12.402
11.408
10.258
13.227
13.367
13.334
12.749
11.740
11.612
10.525
13.562
14.529
16.131
15.879
15.937
16.081
15.427
17.011
16.939
16.944
17.113
16.942
16.264
16.418
16.908
16.978
17.011
17.004
17.020
17.076
16.768
17.190
17.751
17.245
16.939
16.560
16.303
16.372
16.695
16.472
16.771
16.872
16.439
15.841
15.533
15.808
15.409
15.557
15.802
16.268
14.674
14.656
15.188
14.592
14.387
14.313
14.305
13.852
13.704
13.898
13.164
12.129
12.154
12.452
12.832
12.883
13.286
13.773
12.780
12.844
12.755
12.990
12.835
13.007
14.259
13.978
14.192
14.151
13.528
13.548
14.312
14.692
13.741
13.540
13.431
12.856
12.814
13.349
13.142
13.259
13.165
13.133
12.472
12.305
13.157
12.802
12.200
11.987
11.465
11.003
10.982
11.407
10.742
11.438
11.555
10.975
10.480
10.428
10.841
10.356
10.397
10.481
10.354
10.254
10.241
10.495
10.672
11.061
10.935
11.027
10.828
10.809
10.991
10.365
10.353
10.622
10.510
10.120
10.057
10.488
11.109
12.058
11.996
10.570
10.311
10.265
10.730
10.387
10.788
10.775
10.314
10.220
10.206
10.393
9.456
9.537
9.359
9.560
9.365
9.489
10.214
9.904
9.731
9.609
9.354
9.115
8.801
9.029
8.673
9.548
9.607
9.255
8.700
8.712
9.024
9.258
9.444
9.036
8.568
8.331
8.327
8.426
8.662
8.560
8.547
8.886
8.448
8.391
8.649
8.701
8.643
8.284
7.939
7.815
7.771
8.224
8.453
8.333
8.198
7.475
7.043
6.945
7.622
7.488
7.375
7.421
7.037
6.918
6.863
7.176
7.373
7.057
6.691
6.737
6.344
6.317
6.566
6.583
6.313
6.160
5.295
5.294
5.253
5.603
6.777
6.248
6.098
6.074
5.814
5.662
5.034
4.645
5.056
5.751
5.736
5.697
5.664
5.798
6.305
6.067
5.798
5.748
5.560
5.539
6.061
6.936
6.810
6.841
6.365
5.801
5.723
6.263
6.199
6.632
7.032
6.413
5.478
5.498
6.243
6.563
7.386
6.796
6.460
6.044
5.918
6.500
6.415
6.819
6.901
6.713
5.681
5.575
6.288
6.541
6.448
6.817
6.457
6.029
6.015
6.384
6.337
6.385
6.344
6.601
6.084
6.005
6.576
6.634
6.762
6.795
6.624
5.940
5.777
6.828
8.007
8.801
8.304
8.813
7.813
7.727
8.340
8.397
8.080
8.039
8.063
7.127
7.039
7.865
8.455
9.008
8.547
8.062
6.995
6.889
7.516
8.565
9.435
10.096
9.856
10.389
9.574
10.447
11.712
11.772
11.993
12.299
11.910
11.557
12.545
12.312
11.489
11.674
11.370
10.345
10.305
10.524
11.029
11.020
11.532
11.279
10.661
10.550
11.117
11.626
11.806
11.971
11.637
10.393
10.326
11.449
12.542
12.943
12.119
12.419
11.048
11.064
12.019
12.648
12.547
12.709
12.493
11.802
11.619
12.805
14.020
13.569
13.770
13.919
13.241
13.222
14.318
14.966
14.900
14.734
14.964
14.129
14.029
15.086
14.618
14.208
13.822
13.612
13.166
13.015
13.586
13.619
13.555
13.501
13.555
13.115
13.135
13.470
13.537
13.824
14.049
13.917
13.964
14.072
13.994
14.040
13.722
13.683
13.599
15.012
14.963
13.610
14.185
14.134
14.346
14.292
14.333
14.317
15.093
15.764
16.327
16.126
15.970
14.840
14.703
15.543
14.850
15.146
15.570
16.152
15.980
15.926
16.935
17.549
17.356
17.349
16.372
16.043
15.971
16.262
17.055
17.910
16.645
16.193
16.175
16.745
17.598
19.166
18.514
17.544
16.868
16.768
16.715
17.230
19.163
17.749
18.931
20.423
18.979
18.858
22.655
26.731
27.809
22.276
22.118
19.718
19.397
22.182
20.576
20.929
20.491
18.878
18.337
18.358
20.399
20.208
19.644
19.166
18.698
18.108
17.982
19.761
18.678
19.432
18.240
17.630
17.761
17.737
18.614
19.535
19.507
20.425
19.545
19.096
19.069
21.629
18.989
18.078
18.117
17.984
17.062
17.015
17.453
16.651
16.717
16.576
16.564
16.088
16.085
16.387
16.959
16.657
16.409
16.601
16.909
16.943
17.170
17.579
17.794
18.221
18.441
18.645
18.665
19.145
18.980
18.257
18.556
18.911
18.425
18.397
18.510
19.185
19.420
19.497
19.383
19.364
19.332
19.530
18.940
18.912
19.073
19.277
18.450
18.300
18.287
20.237
21.282
21.445
20.607
20.127
20.086
20.663
22.921
22.957
22.883
22.861
22.455
22.165
22.803
23.487
23.082
22.691
22.793
20.214
19.838
21.810
23.305
22.922
22.874
23.327
23.333
22.969
24.425
25.818
25.152
25.227
25.797
24.311
24.279
24.844
26.396
26.579
27.303
26.271
25.760
25.613
26.998
27.422
26.599
23.708
24.794
23.789
23.506
25.215
25.794
26.868
27.700
26.497
24.817
24.683
25.758
25.001
24.627
24.860
25.174
24.752
24.712
25.613
26.071
27.525
27.387
27.190
25.948
25.984
26.520
28.368
27.941
28.144
28.026
27.605
27.588
29.517
30.292
30.766
31.759
31.731
30.846
30.598
31.788
32.320
33.889
35.933
36.322
34.543
34.498
35.491
36.646
34.586
33.690
32.706
34.477
34.040
35.842
35.589
35.239
34.596
33.856
33.584
33.545
34.590
35.914
34.862
35.858
35.780
33.920
33.766
35.047
36.736
37.415
38.875
40.032
37.419
36.963
38.178
40.713
40.711
40.518
39.991
40.659
40.520
40.974
40.705
42.379
43.414
43.944
42.430
42.276
42.596
45.588
45.218
44.120
39.407
39.307
39.137
40.065
41.381
44.137
45.193
45.196
45.184
45.089
46.481
49.134
49.207
51.212
51.398
50.611
50.048
51.743
52.660
53.080
54.799
56.229
56.174
55.677
57.153
61.799
66.074
72.507
63.960
62.012
61.941
63.462
71.924
72.556
70.081
68.874
66.988
66.604
68.898
75.930
80.851
81.900
90.158
86.892
82.639
90.958
92.467
109.169
116.647
97.079
80.038
78.362
88.219
84.586
83.750
89.239
96.896
90.316
89.667
93.192
95.642
89.713
90.611
87.650
84.925
84.851
87.437
89.423
88.483
86.480
78.009
66.148
65.610
63.575
64.907
67.376
75.029
73.536
69.922
69.752
70.615
77.789
74.125
66.750
71.848
73.019
72.924
74.232
78.913
88.950
97.666
91.971
85.738
85.421
86.774
83.906
91.577
93.397
94.187
88.979
88.791
92.029
95.590
99.940
97.748
94.950
92.349
91.452
95.370
92.916
97.522
103.578
104.491
105.516
106.410
107.532
119.291
125.062
130.925
136.956
136.307
136.937
139.205
154.836
183.775
178.986
138.052
101.078
94.302
91.725
90.816
95.119
92.037
78.478
67.166
64.028
72.217
73.042
92.129
91.158
95.559
91.197
90.867
92.628
91.513
87.702
86.908
87.377
90.025
89.289
93.673
84.084
82.131
78.987
78.954
80.873
81.003
84.802
98.169
98.108
95.057
95.005
92.745
92.416
95.358
88.131
78.341
80.323
81.356
84.126
83.648
84.127
80.988
82.803
79.676
77.247
76.769
76.740
78.327
84.286
76.302
71.825
73.994
72.490
72.787
73.892
74.469
79.994
88.100
124.566
95.438
95.263
103.539
105.896
116.722
165.689
164.773
181.274
179.504
192.775
238.773
209.088
159.577
132.078
123.183
122.405
123.314
115.592
116.047
103.657
103.457
96.626
96.646
100.828
96.550
95.006
106.072
111.703
98.226
96.117
98.513
100.450
109.466
117.829
121.114
120.682
120.765
120.984
113.333
111.225
108.684
103.859
104.491
104.866
108.476
106.890
107.479
108.795
100.897
92.073
89.829
89.577
92.483
99.294
101.284
101.426
97.529
97.735
96.543
100.595
96.879
108.580
101.592
96.662
93.903
96.807
98.342
99.629
103.617
101.816
93.354
93.072
96.037
92.198
88.783
91.700
98.535
91.123
91.122
92.806
94.870
94.800
96.606
94.726
85.960
84.793
86.112
83.036
84.112
84.583
84.163
83.948
83.753
84.884
90.391
91.379
81.989
82.624
78.183
77.431
82.365
81.008
78.906
78.092
83.962
80.107
79.753
80.701
82.232
92.470
109.278
132.735
118.397
117.375
119.146
123.269
124.510
128.813
135.599
130.869
130.667
136.198
136.490
135.654
144.367
155.454
149.894
150.225
151.091
173.564
180.669
173.702
187.192
178.827
176.605
177.530
175.903
177.702
186.662
181.291
164.894
163.296
166.084
165.894
166.367
164.990
156.062
165.397
165.894
167.884
175.485
204.003
216.049
210.056
194.798
191.995
195.512
202.590
207.214
205.367
200.239
197.629
196.446
197.560
195.797
190.628
202.090
209.273
201.776
201.036
201.196
211.908
234.470
231.322
232.828
238.658
239.418
243.767
282.263
270.890
287.778
312.448
305.387
285.681
292.106
278.812
260.308
252.118
230.527
191.227
194.489
199.268
232.020
219.011
216.776
200.799
190.872
189.277
196.135
188.611
191.163
210.862
208.308
166.124
165.707
171.912
166.190
171.369
185.499
175.591
162.534
161.880
166.199
153.868
134.718
158.619
163.653
135.719
138.949
160.444
139.549
108.960
98.323
129.630
110.795
108.089
113.038
107.034
108.317
107.998
97.077
65.753
64.550
70.862
66.155
64.912
73.020
65.813
40.989
37.679
42.481
33.512
40.490
52.566
38.142
23.692
23.291
36.856
38.245
27.134
51.347
76.939
55.871
54.933
63.776
65.879
91.474
96.372
83.250
66.789
67.421
77.879
107.208
117.637
102.518
99.261
97.161
97.225
108.424
111.038
115.477
124.520
121.263
114.756
114.725
125.329
124.382
133.429
146.047
146.238
130.677
130.604
138.592
138.954
139.964
146.130
142.713
136.108
137.752
146.431
140.774
142.903
135.189
135.900
115.442
115.178
120.340
106.969
104.858
95.148
86.879
78.864
77.693
78.753
81.733
79.452
75.742
77.884
71.387
70.537
73.800
72.495
72.638
67.685
65.478
66.470
67.149
71.758
74.635
73.470
69.696
70.715
66.425
66.213
67.303
59.178
63.413
67.012
66.638
69.367
70.203
72.614
72.569
66.182
63.087
62.656
62.779
62.588
61.362
60.821
61.988
62.822
59.549
59.406
59.405
63.683
63.280
61.199
59.283
58.509
57.188
57.053
57.850
55.900
56.409
57.696
56.187
51.663
51.700
52.754
52.943
51.324
51.728
51.407
51.516
51.899
55.264
52.973
51.826
52.392
51.642
47.502
47.317
48.994
44.932
45.924
43.738
41.338
48.048
47.982
50.659
51.174
47.414
45.647
46.367
44.950
44.586
45.059
43.341
44.369
44.430
45.278
42.739
42.399
43.400
45.813
46.576
45.637
43.534
44.958
44.920
48.191
52.110
51.382
51.357
47.844
44.256
43.913
44.542
46.606
49.093
48.941
46.985
43.964
44.014
46.224
46.920
47.228
45.979
45.514
42.398
42.035
42.601
38.284
42.075
41.560
40.240
39.060
37.637
38.687
43.142
42.675
40.322
39.100
35.547
35.925
40.620
41.536
40.664
39.053
38.158
33.472
33.054
36.274
35.397
34.825
36.177
33.362
30.447
30.349
34.090
32.564
32.275
31.235
27.557
23.858
23.653
27.186
29.898
28.452
26.910
23.725
23.140
23.161
24.189
28.957
28.075
27.907
28.698
29.471
30.211
32.412
31.427
32.993
38.345
42.656
34.308
34.222
35.943
36.693
42.062
41.891
36.684
32.464
32.859
34.496
36.280
36.417
37.776
36.133
36.448
36.253
38.484
37.225
36.710
37.109
34.931
32.536
32.432
36.089
34.948
33.215
31.195
28.732
26.342
26.297
29.234
28.924
29.487
29.991
30.684
29.723
29.410
32.282
33.232
33.820
31.736
29.358
25.951
25.899
26.703
28.840
30.160
30.512
32.605
28.679
28.599
28.826
28.892
28.738
36.243
34.458
29.313
29.021
29.352
28.357
33.678
34.522
33.733
29.564
31.102
36.304
39.403
43.683
41.013
34.315
37.932
35.889
39.385
41.163
40.155
36.945
33.258
30.432
30.221
32.386
32.154
34.115
34.737
34.508
33.863
33.752
37.246
40.680
39.694
39.529
38.452
36.042
35.703
37.895
36.977
37.500
39.054
39.137
38.462
38.168
40.137
42.995
40.556
38.949
40.297
32.873
33.519
38.308
36.011
32.742
34.517
31.301
27.938
28.085
33.393
41.507
45.889
47.874
48.734
50.586
50.266
53.553
49.314
46.353
47.097
44.293
45.138
45.076
47.926
48.138
48.387
48.499
47.704
45.358
45.464
47.704
46.722
38.543
36.347
38.596
37.953
37.847
41.913
42.152
43.794
43.713
42.552
39.289
39.372
42.971
43.043
43.858
44.898
43.488
41.967
41.943
43.044
44.034
44.237
44.191
44.577
44.762
44.823
47.565
44.957
43.856
42.702
41.641
41.704
41.696
44.647
43.261
40.911
39.939
37.502
37.507
37.812
39.293
37.606
36.453
36.770
35.009
31.333
31.624
33.434
36.361
34.930
35.019
33.487
32.355
32.067
32.076
32.106
33.181
34.493
31.840
31.527
31.369