4.562888e+01
6.142931e+01
6.178431e+01
6.908172e+01
6.925336e+01
5.988880e+01
7.089887e+01
7.746737e+01
7.184241e+01
7.395177e+01
7.191207e+01
6.727773e+01
6.652949e+01
6.777952e+01
7.396387e+01
7.400034e+01
7.083114e+01
7.290419e+01
6.987063e+01
6.675508e+01
7.486364e+01
7.337124e+01
7.931753e+01
8.632229e+01
7.098674e+01
6.244158e+01
6.346176e+01
6.345711e+01
7.250810e+01
7.289338e+01
6.598752e+01
6.673732e+01
5.655329e+01
5.587996e+01
6.698418e+01
6.031970e+01
5.786419e+01
6.608126e+01
6.369352e+01
6.651539e+01
5.241960e+01
5.426918e+01
5.952456e+01
5.567273e+01
5.860022e+01
5.630919e+01
5.462899e+01
5.753313e+01
6.513096e+01
5.943743e+01
6.068238e+01
6.307215e+01
5.882175e+01
5.135372e+01
4.679293e+01
5.974296e+01
5.867185e+01
5.621602e+01
6.077054e+01
5.568060e+01
5.154981e+01
5.390779e+01
5.081187e+01
6.048940e+01
6.061560e+01
5.539391e+01
5.947272e+01
5.420933e+01
4.503085e+01
5.015099e+01
5.235405e+01
6.120821e+01
5.812943e+01
5.870443e+01
4.737160e+01
5.676844e+01
5.672035e+01
6.208508e+01
5.543262e+01
5.201511e+01
5.564809e+01
4.738125e+01
4.834720e+01
5.070665e+01
5.248471e+01
5.180195e+01
5.007407e+01
5.661504e+01
5.010001e+01
5.059515e+01
6.157556e+01
5.867312e+01
6.191696e+01
5.815533e+01
5.388549e+01
5.317977e+01
5.311143e+01
5.739292e+01
5.858396e+01
6.238470e+01
6.269505e+01
6.201837e+01
5.615882e+01
5.593003e+01
5.650137e+01
5.896121e+01
6.009091e+01
5.579081e+01
5.147380e+01
4.673445e+01
3.987256e+01
3.681332e+01
6.237900e+01
5.701843e+01
4.588093e+01
5.240718e+01
4.617524e+01
3.825356e+01
5.257848e+01
5.308163e+01
4.708642e+01
6.148682e+01
6.101160e+01
5.801071e+01
4.171780e+01
5.391541e+01
5.879794e+01
6.286802e+01
5.755368e+01
5.674813e+01
5.304061e+01
4.591203e+01
5.799589e+01
5.455223e+01
5.634263e+01
5.398069e+01
5.366933e+01
4.699298e+01
4.432111e+01
5.071591e+01
4.847266e+01
5.145521e+01
5.037422e+01
4.810670e+01
4.500322e+01
4.355133e+01
4.680685e+01
4.508661e+01
4.214173e+01
4.618673e+01
4.862999e+01
3.930876e+01
3.448524e+01
4.844371e+01
4.338573e+01
4.851486e+01
5.135160e+01
5.298685e+01
4.781928e+01
4.052534e+01
5.221453e+01
5.026627e+01
5.213465e+01
5.077053e+01
5.152150e+01
4.300709e+01
4.083724e+01
5.023381e+01
5.485646e+01
5.730385e+01
5.696680e+01
5.218892e+01
4.403779e+01
4.182733e+01
4.917407e+01
4.942717e+01
5.991417e+01
6.625433e+01
5.596266e+01
4.809389e+01
4.565150e+01
6.456579e+01
6.473355e+01
6.303260e+01
5.859307e+01
5.742162e+01
5.084282e+01
4.313180e+01
5.300042e+01
5.561517e+01
5.167398e+01
5.438462e+01
5.594553e+01
4.581940e+01
4.152420e+01
5.363813e+01
4.691063e+01
4.850432e+01
5.007687e+01
5.555059e+01
4.421467e+01
4.378138e+01
5.502264e+01
5.453173e+01
6.087137e+01
6.334397e+01
6.370762e+01
4.937394e+01
3.711929e+01
5.026996e+01
5.044552e+01
5.552401e+01
5.146179e+01
4.832220e+01
4.606189e+01
4.390724e+01
5.013607e+01
4.987684e+01
5.228288e+01
5.095417e+01
5.077128e+01
5.247195e+01
5.441052e+01
5.907839e+01
4.932257e+01
4.038841e+01
3.786115e+01
4.278756e+01
4.148969e+01
3.983376e+01
4.747138e+01
4.714275e+01
4.653909e+01
4.651547e+01
4.804458e+01
4.513522e+01
4.482288e+01
5.419843e+01
6.325046e+01
7.158722e+01
6.713359e+01
6.109243e+01
4.997639e+01
4.993311e+01
6.349986e+01
5.416850e+01
5.102361e+01
5.389309e+01
5.333696e+01
4.171476e+01
3.863765e+01
4.665242e+01
5.142172e+01
4.900580e+01
4.893621e+01
4.927026e+01
4.469218e+01
4.403433e+01
5.542770e+01
5.169273e+01
5.852249e+01
6.352065e+01
5.518289e+01
4.415214e+01
4.621764e+01
5.416864e+01
5.653655e+01
6.193186e+01
5.777151e+01
6.429213e+01
5.324478e+01
4.578928e+01
5.786087e+01
6.201355e+01
6.282473e+01
5.710492e+01
6.109856e+01
5.151525e+01
4.417417e+01
6.375219e+01
6.267387e+01
5.978536e+01
5.782060e+01
6.104605e+01
4.847541e+01
4.669234e+01
6.286272e+01
6.104713e+01
5.973367e+01
6.256142e+01
6.406509e+01
5.390593e+01
4.442831e+01
5.335540e+01
5.088797e+01
5.064600e+01
4.834110e+01
4.428938e+01
4.112113e+01
4.187242e+01
5.111312e+01
5.115625e+01
5.167072e+01
4.873587e+01
4.265065e+01
4.309460e+01
2.872000e+01
3.828714e+01
4.286207e+01
5.396956e+01
4.610871e+01
5.174498e+01
4.393243e+01
4.213923e+01
4.848080e+01
5.233732e+01
5.678641e+01
5.674428e+01
5.678297e+01
4.755416e+01
4.318297e+01
5.910921e+01
6.301638e+01
5.943381e+01
5.756831e+01
5.339125e+01
4.544072e+01
4.293221e+01
5.407537e+01
5.426158e+01
4.873276e+01
5.345894e+01
5.053171e+01
5.139964e+01
4.744272e+01
5.443958e+01
5.786756e+01
5.706571e+01
5.903406e+01
5.452515e+01
5.177553e+01
4.912261e+01
4.909206e+01
5.015674e+01
5.288841e+01
5.387844e+01
4.923071e+01
4.262916e+01
4.179403e+01
5.022112e+01
4.798399e+01
4.542174e+01
5.178109e+01
4.218495e+01
3.131447e+01
2.838308e+01
3.135186e+01
2.987574e+01
2.300065e+01
3.581910e+01
4.733306e+01
3.582118e+01
3.188934e+01
3.894171e+01
4.502992e+01
3.637087e+01
4.778447e+01
4.547666e+01
4.508608e+01
3.845193e+01
4.096605e+01
5.495366e+01
4.909701e+01
5.688711e+01
5.451345e+01
4.589327e+01
4.602550e+01
5.657073e+01
5.770552e+01
5.594820e+01
5.147894e+01
5.342741e+01
4.732087e+01
4.349532e+01
4.760413e+01
4.893965e+01
5.224292e+01
5.331356e+01
5.321357e+01
4.651441e+01
4.618370e+01
4.981775e+01
4.659843e+01
4.600221e+01
4.649590e+01
4.613647e+01
4.100670e+01
3.953417e+01
3.974131e+01
4.119163e+01
4.069542e+01
4.224196e+01
4.946452e+01
4.199522e+01
3.737727e+01
4.030393e+01
4.011146e+01
4.418557e+01
4.291204e+01
3.928880e+01
3.696504e+01
3.731286e+01
4.228369e+01
4.051713e+01
4.074161e+01
3.999679e+01
4.703740e+01
3.817711e+01
3.297292e+01
4.075103e+01
4.132751e+01
3.594821e+01
4.023398e+01
4.218404e+01
3.537794e+01
2.556446e+01
3.704541e+01
3.951185e+01
4.356276e+01
4.696311e+01
3.797325e+01
4.055135e+01
2.404501e+01
4.526822e+01
4.070265e+01
4.053591e+01
4.068970e+01
3.525155e+01
3.665549e+01
2.169726e+01
3.473522e+01
3.488695e+01
2.988775e+01
3.184244e+01
3.115759e+01
2.701834e+01
2.524158e+01
1.785042e+01
2.838475e+01
2.619050e+01
2.495821e+01
3.115141e+01
3.201505e+01
2.966947e+01
3.491396e+01
2.545169e+01
2.590038e+01
2.984072e+01
2.798080e+01
1.924099e+01
1.862275e+01
3.001897e+01
3.136241e+01
2.828693e+01
2.643888e+01
2.296288e+01
2.388814e+01
1.608749e+01
1.436565e+01
2.609308e+01
2.030306e+01
2.384484e+01
3.072591e+01
2.922621e+01
2.486947e+01
3.146538e+01
2.908862e+01
3.280449e+01
2.717631e+01
2.782778e+01
1.433885e+01
2.237642e+01
3.191551e+01
2.593500e+01
2.087675e+01
2.536191e+01
1.069237e+01
1.532366e+01
1.493128e+01
3.045055e+01
2.547263e+01
2.644378e+01
2.238670e+01
2.301710e+01
2.589302e+01
2.041449e+01
2.429662e+01
2.316599e+01
2.867104e+01
2.287275e+01
2.200827e+01
2.088704e+01
1.871591e+01
2.558434e+01
2.802826e+01
2.459638e+01
1.796447e+01
2.085373e+01
1.877870e+01
1.231250e+01
1.894859e+01
2.447992e+01
2.155584e+01
2.115408e+01
2.878736e+01
2.495692e+01
2.190618e+01
1.951770e+01
2.097383e+01
2.703402e+01
2.489739e+01
2.419163e+01
1.710752e+01
2.066976e+01
3.218679e+01
3.050031e+01
2.825763e+01
2.545534e+01
2.638597e+01
2.325669e+01
2.014133e+01
3.261657e+01
3.180391e+01
3.168628e+01
3.051306e+01
3.165838e+01
2.639577e+01
2.036185e+01
3.113123e+01
3.197137e+01
3.587726e+01
3.868514e+01
3.737951e+01
2.975401e+01
2.870932e+01
3.280455e+01
3.946095e+01
4.554218e+01
4.599043e+01
3.964024e+01
3.185284e+01
2.362160e+01
3.427844e+01
3.447072e+01
4.272465e+01
4.154106e+01
3.988528e+01
3.169253e+01
2.825239e+01
3.643572e+01
3.780039e+01
4.146262e+01
4.207966e+01
3.846109e+01
3.101343e+01
2.915741e+01
3.775307e+01
3.919586e+01
4.051892e+01
4.278303e+01
3.718985e+01
2.971290e+01
2.814736e+01
4.074192e+01
4.233381e+01
5.291353e+01
5.055387e+01
5.881297e+01
3.712943e+01
3.488942e+01
4.114643e+01
3.877076e+01
4.266674e+01
3.831515e+01
3.895144e+01
3.353538e+01
3.048842e+01
4.145067e+01
4.176729e+01
4.323186e+01
4.159437e+01
3.929393e+01
3.321478e+01
3.423250e+01
4.345849e+01
4.482233e+01
4.455589e+01
4.470958e+01
4.088177e+01
3.975152e+01
2.798704e+01
4.754768e+01
4.091095e+01
4.963452e+01
5.314529e+01
4.720796e+01
4.044810e+01
3.505812e+01
5.699362e+01
5.052501e+01
5.152790e+01
4.819663e+01
4.552553e+01
3.836944e+01
3.798686e+01
4.975055e+01
4.925970e+01
5.191395e+01
5.352506e+01
5.831550e+01
4.181796e+01
3.769044e+01
5.710527e+01
7.494562e+01
6.061727e+01
5.355422e+01
4.697711e+01
4.261481e+01
4.272523e+01
6.233051e+01
5.914738e+01
5.273711e+01
5.027468e+01
5.039270e+01
3.403245e+01
3.568420e+01
4.977309e+01
5.726256e+01
5.271549e+01
4.699558e+01
4.430945e+01
3.222121e+01
2.087270e+01
3.979805e+01
4.185973e+01
4.177271e+01
3.954562e+01
4.861817e+01
3.947447e+01
3.522209e+01
5.080486e+01
4.882616e+01
5.408878e+01
4.669853e+01
5.075130e+01
4.626145e+01
4.435087e+01
5.325180e+01
5.057290e+01
4.773715e+01
5.269692e+01
4.896747e+01
4.550550e+01
3.392129e+01
4.361584e+01
5.033804e+01
5.160288e+01
4.685859e+01
4.702299e+01
4.064291e+01
3.818629e+01
4.672564e+01
4.704901e+01
4.577013e+01
4.481522e+01
4.395447e+01
4.025052e+01
4.215677e+01
4.761981e+01
5.201318e+01
4.935006e+01
5.964551e+01
5.264402e+01
4.889615e+01
4.563938e+01
5.449721e+01
4.763450e+01
4.980738e+01
4.822024e+01
5.146121e+01
4.175569e+01
4.174388e+01
5.691690e+01
5.714317e+01
5.734767e+01
6.001838e+01
7.179273e+01
5.523044e+01
4.785202e+01
5.950622e+01
6.114594e+01
7.650880e+01
6.771387e+01
6.147959e+01
5.228068e+01
4.750456e+01
5.747020e+01
6.015927e+01
7.722164e+01
7.275131e+01
5.929308e+01
5.349040e+01
4.432276e+01
5.515795e+01
6.026825e+01
6.759249e+01
7.069629e+01
6.753209e+01
5.823238e+01
4.764703e+01
5.985871e+01
5.795476e+01
5.317043e+01
4.144585e+01
3.374408e+01
3.853648e+01
3.722187e+01
4.376698e+01
5.079201e+01
5.303136e+01
5.045490e+01
4.879809e+01
5.240186e+01
4.878852e+01
6.090142e+01
6.050228e+01
5.895596e+01
7.490282e+01
7.875468e+01
6.153939e+01
5.796960e+01
6.917896e+01
6.990056e+01
7.578740e+01
7.842642e+01
7.493335e+01
5.782347e+01
5.942317e+01
7.285447e+01
7.271665e+01
6.489647e+01
6.300942e+01
6.243505e+01
5.378895e+01
4.957524e+01
6.136764e+01
6.452956e+01
6.180936e+01
6.194242e+01
5.578519e+01
5.074293e+01
4.743557e+01
6.330821e+01
6.066243e+01
5.930209e+01
5.615822e+01
6.460178e+01
5.707407e+01
3.836532e+01
5.068719e+01
6.208939e+01
6.716229e+01
7.213152e+01
6.808975e+01
5.932011e+01
4.671224e+01
6.153479e+01
6.364433e+01
6.485056e+01
6.200550e+01
6.322421e+01
5.476423e+01
4.450674e+01
5.844374e+01
5.839250e+01
5.582126e+01
6.077496e+01
6.270831e+01
5.215462e+01
4.372947e+01
5.755442e+01
6.239451e+01
6.372850e+01
6.318103e+01
5.910619e+01
5.618221e+01
5.407632e+01
6.546551e+01
6.549954e+01
5.614794e+01
6.259075e+01
6.169779e+01
5.705124e+01
4.464202e+01
5.532173e+01
6.362083e+01
6.150147e+01
7.358649e+01
6.428492e+01
6.593048e+01
5.600817e+01
6.449497e+01
6.218486e+01
6.312633e+01
6.689979e+01
6.626639e+01
5.847749e+01
6.423526e+01
6.420372e+01
6.324934e+01
6.149617e+01
6.189735e+01
5.705872e+01
6.013616e+01
4.108580e+01
5.427305e+01
6.212623e+01
6.783100e+01
7.303506e+01
7.130127e+01
6.004107e+01
5.899864e+01
7.572213e+01
7.647578e+01
8.230149e+01
7.749050e+01
7.471196e+01
6.858779e+01
6.943267e+01
8.220962e+01
7.988601e+01
7.898470e+01
7.428836e+01
7.144430e+01
6.535001e+01
6.782239e+01
7.378380e+01
7.887382e+01
7.676588e+01
7.766439e+01
7.549115e+01
5.750471e+01
4.635263e+01
7.428855e+01
7.427640e+01
7.358756e+01
7.470957e+01
7.510442e+01
7.187825e+01
6.983326e+01
7.396820e+01
7.670097e+01
6.936400e+01
7.232508e+01
7.800940e+01
6.224335e+01
4.767732e+01
7.021667e+01
7.624444e+01
7.721579e+01
7.175825e+01
7.815986e+01
6.253516e+01
6.441528e+01
7.692229e+01
6.912466e+01
8.227612e+01
8.335464e+01
7.967771e+01
6.833126e+01
6.018252e+01
7.248317e+01
7.339110e+01
6.990093e+01
7.186418e+01
8.038772e+01
6.953111e+01
6.997539e+01
7.991387e+01
7.859149e+01
7.692413e+01
8.462410e+01
8.489924e+01
7.654620e+01
6.874790e+01
7.743805e+01
8.545804e+01
9.167421e+01
9.096057e+01
9.054805e+01
7.909896e+01
8.111751e+01
8.733264e+01
9.266305e+01
1.033833e+02
1.089239e+02
9.992422e+01
9.115997e+01
8.748831e+01
1.018659e+02
1.148468e+02
1.053688e+02
9.933077e+01
1.117556e+02
1.066134e+02
9.409857e+01
9.908110e+01
1.062754e+02
1.138143e+02
1.125020e+02
9.792612e+01
9.192149e+01
8.787356e+01
1.053788e+02
1.088178e+02
1.003676e+02
9.777315e+01
1.006010e+02
9.336836e+01
8.271181e+01
1.007909e+02
1.115847e+02
1.043877e+02
1.042920e+02
1.106833e+02
1.044729e+02
8.906375e+01
1.087184e+02
1.150692e+02
1.176645e+02
1.175023e+02
1.117827e+02
1.089668e+02
9.266988e+01
1.104964e+02
1.136293e+02
1.149257e+02
1.075823e+02
1.109893e+02
1.003419e+02
9.820112e+01
1.104566e+02
1.144322e+02
1.221310e+02
1.202761e+02
1.246544e+02
1.157884e+02
1.159416e+02
1.188003e+02
1.157189e+02
1.126673e+02
1.232215e+02
1.103318e+02
1.064572e+02
1.022744e+02
1.106513e+02
1.178750e+02
1.107850e+02
1.302964e+02
1.139398e+02
1.124668e+02
1.038926e+02
1.284816e+02
1.278490e+02
1.278047e+02
1.407181e+02
1.470385e+02
1.360635e+02
1.127212e+02
1.348306e+02
1.387945e+02
1.403875e+02
1.452465e+02
1.463968e+02
1.395516e+02
1.340301e+02
1.504079e+02
1.548338e+02
1.770023e+02
1.853232e+02
1.695358e+02
1.582785e+02
1.566765e+02
1.639733e+02
1.773833e+02
1.831352e+02
1.741105e+02
1.926735e+02
1.649338e+02
1.636929e+02
1.771998e+02
1.810879e+02
2.220014e+02
2.083481e+02
2.100944e+02
2.264923e+02
1.913344e+02
2.180724e+02
2.106060e+02
2.469736e+02
3.108907e+02
2.338352e+02
2.006482e+02
1.721594e+02
2.122155e+02
2.232708e+02
2.185844e+02
2.190948e+02
2.171534e+02
2.186109e+02
1.945737e+02
2.536481e+02
2.567919e+02
2.350983e+02
2.203408e+02
2.401766e+02
2.203649e+02
1.907291e+02
2.194683e+02
2.457527e+02
2.274969e+02
2.165186e+02
2.210761e+02
1.923190e+02
1.956186e+02
1.676855e+02
2.122457e+02
2.053732e+02
1.958809e+02
2.125211e+02
1.750855e+02
1.979474e+02
2.246691e+02
2.164142e+02
2.395032e+02
2.046049e+02
2.078455e+02
1.903148e+02
1.802493e+02
2.387485e+02
2.460393e+02
2.519022e+02
2.515337e+02
2.473080e+02
2.323825e+02
2.245122e+02
2.686469e+02
2.786254e+02
2.990242e+02
3.005730e+02
2.608313e+02
2.251060e+02
2.066039e+02
3.004849e+02
2.750915e+02
2.883716e+02
2.825559e+02
2.962449e+02
2.250178e+02
2.263776e+02
2.799355e+02
2.587384e+02
2.490067e+02
2.872372e+02
2.620125e+02
2.498758e+02
2.421986e+02
3.039812e+02
3.170665e+02
3.495120e+02
3.569050e+02
3.375867e+02
3.016147e+02
3.380527e+02
3.751834e+02
4.306906e+02
4.483383e+02
4.198856e+02
3.082807e+02
2.226323e+02
2.146148e+02
2.513311e+02
2.020002e+02
2.256595e+02
1.899350e+02
1.721540e+02
1.543176e+02
1.712759e+02
2.072909e+02
1.713587e+02
2.028147e+02
2.290935e+02
2.376422e+02
2.378022e+02
2.161730e+02
2.613213e+02
2.521200e+02
2.404396e+02
2.275365e+02
2.319477e+02
2.203183e+02
2.150879e+02
2.498441e+02
2.455167e+02
2.393481e+02
2.251455e+02
2.200752e+02
2.065967e+02
1.992324e+02
2.504177e+02
2.909424e+02
2.780494e+02
2.686324e+02
2.665663e+02
2.405219e+02
2.197386e+02
2.358141e+02
2.455871e+02
2.168098e+02
2.175132e+02
2.341191e+02
2.269143e+02
2.069598e+02
2.092586e+02
2.084015e+02
2.243062e+02
2.164979e+02
2.237624e+02
1.929341e+02
1.994455e+02
2.150412e+02
2.134600e+02
2.261529e+02
1.838563e+02
2.053727e+02
1.794703e+02
1.847224e+02
1.884145e+02
1.872495e+02
1.942031e+02
2.218384e+02
2.884171e+02
2.509247e+02
2.056879e+02
2.521289e+02
2.752263e+02
2.793150e+02
3.669906e+02
3.863769e+02
3.648371e+02
3.810308e+02
4.604043e+02
5.926507e+02
4.676433e+02
3.925413e+02
3.757322e+02
2.827146e+02
3.119220e+02
3.280498e+02
3.052466e+02
2.839429e+02
2.651156e+02
2.502718e+02
2.562151e+02
2.301151e+02
2.478818e+02
2.454494e+02
2.420100e+02
2.477282e+02
2.779389e+02
2.359570e+02
2.094254e+02
2.570887e+02
2.540975e+02
3.002856e+02
2.859836e+02
3.125604e+02
2.796528e+02
2.830573e+02
3.510101e+02
2.985951e+02
2.849922e+02
2.407516e+02
2.744720e+02
2.370046e+02
1.952510e+02
2.406756e+02
2.707063e+02
2.474181e+02
2.450633e+02
2.467184e+02
1.938226e+02
1.733252e+02
1.783518e+02
2.362327e+02
2.441505e+02
2.473378e+02
2.348895e+02
2.592840e+02
2.102497e+02
2.594699e+02
2.540642e+02
2.418009e+02
2.434632e+02
2.456067e+02
2.120988e+02
2.089348e+02
2.321330e+02
2.588261e+02
2.512079e+02
2.646599e+02
2.764098e+02
2.189886e+02
2.094463e+02
2.596758e+02
2.388134e+02
2.386875e+02
2.305347e+02
2.544155e+02
2.170345e+02
2.180929e+02
2.410583e+02
2.391277e+02
2.304872e+02
2.498697e+02
2.485511e+02
2.131549e+02
1.925976e+02
2.256306e+02
2.292557e+02
2.166697e+02
2.251580e+02
2.474398e+02
2.018023e+02
1.884851e+02
2.283663e+02
2.361297e+02
2.437946e+02
2.138391e+02
2.733883e+02
2.110169e+02
2.025375e+02
2.547240e+02
2.312561e+02
1.985498e+02
2.149892e+02
2.043030e+02
1.886760e+02
1.660556e+02
2.132395e+02
2.192778e+02
2.544487e+02
2.813075e+02
3.317006e+02
2.933268e+02
2.570865e+02
3.109880e+02
3.503867e+02
3.752089e+02
3.710631e+02
3.199410e+02
3.056772e+02
2.867700e+02
3.552276e+02
3.943544e+02
3.391672e+02
3.705553e+02
3.741676e+02
3.557288e+02
3.733126e+02
3.983860e+02
4.239185e+02
4.326709e+02
4.153668e+02
4.243918e+02
3.688874e+02
3.239053e+02
4.207734e+02
4.402256e+02
4.444337e+02
4.494808e+02
4.439928e+02
4.221749e+02
3.630335e+02
4.742876e+02
5.070965e+02
5.561023e+02
5.595500e+02
5.376065e+02
4.553005e+02
3.643418e+02
5.502338e+02
5.365999e+02
5.387341e+02
5.719260e+02
5.224583e+02
4.365657e+02
3.834913e+02
4.708444e+02
4.887575e+02
5.227529e+02
5.449202e+02
5.412342e+02
5.305245e+02
4.615050e+02
4.831447e+02
4.778026e+02
4.382319e+02
4.884041e+02
4.842243e+02
4.469592e+02
4.072673e+02
4.639190e+02
5.123760e+02
5.436213e+02
5.535310e+02
5.036924e+02
5.134862e+02
4.511322e+02
5.772620e+02
6.142868e+02
6.418788e+02
6.250872e+02
7.248821e+02
7.141522e+02
6.690989e+02
7.538741e+02
7.129117e+02
6.155714e+02
6.712024e+02
5.321594e+02
4.703842e+02
3.954315e+02
4.798253e+02
5.551383e+02
4.884457e+02
5.058501e+02
4.476664e+02
4.269617e+02
4.082615e+02
4.545247e+02
4.635042e+02
4.742379e+02
4.561873e+02
4.885247e+02
3.550570e+02
3.035824e+02
3.756904e+02
3.994823e+02
3.993285e+02
4.225042e+02
4.304812e+02
3.702128e+02
3.226002e+02
3.623906e+02
3.810371e+02
3.687672e+02
4.459727e+02
3.879000e+02
2.458878e+02
2.129188e+02
3.573411e+02
3.599394e+02
2.937119e+02
2.591085e+02
2.820994e+02
2.950871e+02
2.084578e+02
2.942611e+02
2.936673e+02
2.978308e+02
2.789727e+02
2.682080e+02
2.148530e+02
1.872591e+02
2.239270e+02
2.219615e+02
1.800937e+02
2.055878e+02
2.019757e+02
1.414773e+02
1.049253e+02
1.415531e+02
1.374956e+02
1.333707e+02
1.640873e+02
1.365031e+02
1.018148e+02
1.142986e+02
1.470889e+02
1.098937e+02
1.261224e+02
1.344867e+02
1.953731e+02
1.387438e+02
1.262008e+02
1.923736e+02
1.663661e+02
2.156447e+02
2.682061e+02
2.164230e+02
1.830826e+02
1.741235e+02
2.218926e+02
2.609761e+02
2.695747e+02
2.617429e+02
2.546592e+02
2.243759e+02
2.140039e+02
2.614160e+02
2.372417e+02
2.449613e+02
3.071199e+02
2.989269e+02
2.646840e+02
2.182141e+02
3.457905e+02
3.842226e+02
3.969971e+02
3.975007e+02
3.914575e+02
3.130925e+02
3.114099e+02
3.788247e+02
4.135319e+02
3.896444e+02
3.683050e+02
3.979227e+02
3.526420e+02
3.001954e+02
4.401212e+02
4.404086e+02
4.310222e+02
3.871868e+02
3.858878e+02
2.837370e+02
2.488624e+02
2.507236e+02
2.782193e+02
2.635399e+02
2.438672e+02
2.090288e+02
1.485902e+02
1.688703e+02
1.803043e+02
2.213581e+02
1.854117e+02
2.113229e+02
1.850088e+02
2.297087e+02
1.945668e+02
2.048606e+02
1.791316e+02
1.768789e+02
1.891981e+02
1.764249e+02
1.958354e+02
1.652867e+02
1.637220e+02
1.665112e+02
1.868216e+02
1.827200e+02
1.990820e+02
1.626361e+02
1.465431e+02
1.623141e+02
1.748158e+02
1.543298e+02
1.835746e+02
1.887900e+02
1.567043e+02
1.881757e+02
2.106199e+02
2.070730e+02
1.915296e+02
1.776311e+02
1.751082e+02
1.655947e+02
1.578683e+02
1.835518e+02
1.646019e+02
1.664710e+02
1.842985e+02
1.721890e+02
1.566393e+02
1.423046e+02
1.776612e+02
1.818445e+02
1.723356e+02
1.828889e+02
1.708881e+02
1.740115e+02
1.515540e+02
1.723976e+02
1.638500e+02
1.692047e+02
1.656731e+02
1.686783e+02
1.401667e+02
1.366383e+02
1.622743e+02
1.619636e+02
1.657719e+02
1.589652e+02
1.668742e+02
1.471404e+02
1.274188e+02
1.783611e+02
1.653632e+02
1.715575e+02
1.712099e+02
1.685868e+02
1.451987e+02
1.415945e+02
1.489848e+02
1.552390e+02
1.382649e+02
1.356020e+02
1.280516e+02
1.247322e+02
1.240144e+02
1.489554e+02
1.340875e+02
1.429731e+02
1.305360e+02
1.283993e+02
1.352108e+02
1.248271e+02
1.394247e+02
1.348283e+02
1.340827e+02
1.453414e+02
1.318864e+02
1.016105e+02
1.090595e+02
1.451464e+02
1.208428e+02
1.378605e+02
1.588519e+02
1.350966e+02
1.109166e+02
1.383583e+02
1.441670e+02
1.504482e+02
1.747248e+02
1.543522e+02
1.504353e+02
1.352990e+02
1.619328e+02
1.007442e+02
1.380546e+02
1.572303e+02
1.481955e+02
1.484414e+02
1.331262e+02
1.285753e+02
1.470690e+02
1.464978e+02
1.450924e+02
1.516136e+02
1.471455e+02
1.204583e+02
1.219000e+02
1.136463e+02
1.076147e+02
1.217985e+02
1.307458e+02
1.341066e+02
1.187237e+02
1.130616e+02
1.126210e+02
1.279085e+02
1.259089e+02
1.178995e+02
1.189665e+02
1.050127e+02
9.210370e+01
1.359531e+02
1.362723e+02
1.289195e+02
1.223520e+02
1.169006e+02
1.106093e+02
9.650821e+01
1.111079e+02
1.065152e+02
1.162889e+02
1.121745e+02
1.154721e+02
1.029541e+02
6.427403e+01
1.075649e+02
1.102494e+02
1.087256e+02
1.017836e+02
9.370701e+01
7.008985e+01
6.436386e+01
8.733476e+01
9.547600e+01
9.404160e+01
9.615566e+01
8.243897e+01
7.556092e+01
6.071942e+01
9.856442e+01
9.139729e+01
9.504716e+01
9.047479e+01
9.253822e+01
9.929940e+01
9.474932e+01
1.031136e+02
1.066058e+02
1.102674e+02
1.137915e+02
1.211667e+02
1.056139e+02
1.035486e+02
1.265264e+02
1.204060e+02
1.316572e+02
1.297331e+02
1.215003e+02
1.131546e+02
9.755619e+01
1.169046e+02
1.203368e+02
1.217708e+02
1.222111e+02
1.208564e+02
1.027034e+02
1.107913e+02
1.164022e+02
1.368126e+02
1.159477e+02
1.170029e+02
1.214956e+02
1.064497e+02
1.058626e+02
1.296034e+02
1.241843e+02
1.203947e+02
1.131098e+02
1.029091e+02
1.052919e+02
1.090927e+02
1.191479e+02
1.226440e+02
1.317384e+02
1.219474e+02
1.150231e+02
1.081680e+02
1.074747e+02
1.185039e+02
1.180992e+02
1.052755e+02
1.132068e+02
1.079352e+02
9.532420e+01
8.064824e+01
1.013994e+02
1.009595e+02
1.094644e+02
1.125361e+02
1.074730e+02
9.938705e+01
8.098505e+01
9.252109e+01
8.417491e+01
9.982732e+01
9.946963e+01
1.073891e+02
8.949859e+01
1.017284e+02
1.072256e+02
1.065023e+02
1.111985e+02
1.119937e+02
1.125357e+02
1.016880e+02
9.567053e+01
1.218522e+02
1.413412e+02
1.614698e+02
1.656608e+02
1.455128e+02
1.256461e+02
1.186824e+02
1.218506e+02
1.266519e+02
1.121688e+02
1.255568e+02
1.193178e+02
9.663739e+01
9.383860e+01
1.046581e+02
1.056570e+02
1.083621e+02
1.123692e+02
1.126519e+02
1.020829e+02
1.092234e+02
1.295182e+02
1.279740e+02
1.289369e+02
1.309421e+02
1.318712e+02
1.206177e+02
1.096836e+02
1.247413e+02
1.260211e+02
1.289359e+02
1.202846e+02
1.246752e+02
1.153800e+02
9.610198e+01
1.162296e+02
1.228784e+02
1.298165e+02
1.152863e+02
1.327770e+02
1.124023e+02
9.507286e+01
1.229534e+02
1.390713e+02
1.197251e+02
1.169807e+02
1.331509e+02
1.241478e+02
1.021168e+02
1.331078e+02
1.442198e+02
1.523832e+02
1.491107e+02
1.599896e+02
1.534559e+02
1.395653e+02
1.786307e+02
1.627598e+02
1.538841e+02
1.540611e+02
1.398236e+02
1.376315e+02
1.304362e+02
1.483242e+02
1.440694e+02
1.388650e+02
1.472071e+02
1.268507e+02
1.085167e+02
1.229646e+02
1.290147e+02
1.268865e+02
1.002759e+02
1.192327e+02
8.273154e+01
7.718033e+01
6.698548e+01
1.092988e+02
1.277813e+02
1.354144e+02
1.378469e+02
1.289763e+02
1.061177e+02
1.226388e+02
1.280342e+02
1.282623e+02
1.235708e+02
1.408204e+02
1.276425e+02
1.294473e+02
1.223690e+02
1.362278e+02
1.307068e+02
1.372573e+02
1.355069e+02
1.343516e+02
1.236730e+02
1.364252e+02
1.395772e+02
1.339753e+02
1.491841e+02
1.619936e+02
1.496386e+02
1.163327e+02
1.151813e+02
1.397018e+02
1.367949e+02
1.355315e+02
1.245694e+02
1.204447e+02
1.206042e+02
1.038689e+02
1.236791e+02
1.233947e+02
1.130747e+02
1.225527e+02
1.080787e+02
9.053424e+01
1.065746e+02
1.107441e+02
1.102070e+02
1.235285e+02
1.074761e+02
1.055087e+02
1.019713e+02
1.182353e+02
1.174140e+02
1.189616e+02
1.372174e+02
1.028722e+02
1.232771e+02
1.123428e+02
1.133514e+02
